// Set VERBOSE=3 in ocean_main.c and run "mpiexec -n 4 ./mpi_ocean 10 10 100"

Grid Before
100 100 100 100 100 100 100 100 100 100 
100   0   0   0   0   0   0   0   0 100 
100   0   0   0   0   0   0   0   0 100 
100   0   0   0   0   0   0   0   0 100 
100   0   0   0   0   0   0   0   0 100 
100   0   0   0   0   0   0   0   0 100 
100   0   0   0   0   0   0   0   0 100 
100   0   0   0   0   0   0   0   0 100 
100   0   0   0   0   0   0   0   0 100 
100 100 100 100 100 100 100 100 100 100 

Rank = 0
100 100 100 100 100 100 100 100 100 100 
100  96  94  92  91  91  92  94  96 100 
100  94  90  87  85  85  87  90  94 100 
100  92  87  83  81  81  83  87  92 100 
Rank = 1
100  94  90  87  85  85  87  90  94 100 
100  92  87  83  81  81  83  87  92 100 
100  91  85  81  79  79  81  85  91 100 
100  91  85  81  79  79  81  85  91 100 
Rank = 2
100  91  85  81  79  79  81  85  91 100 
100  91  85  81  79  79  81  85  91 100 
100  92  87  83  81  81  83  87  92 100 
100  94  90  87  85  85  87  90  94 100 
Rank = 3
100  92  87  83  81  81  83  87  92 100 
100  94  90  87  85  85  87  90  94 100 
100  96  94  92  91  91  92  94  96 100 
100 100 100 100 100 100 100 100 100 100 

Grid After
100 100 100 100 100 100 100 100 100 100 
100  96  94  92  91  91  92  94  96 100 
100  94  90  87  85  85  87  90  94 100 
100  92  87  83  81  81  83  87  92 100 
100  91  85  81  79  79  81  85  91 100 
100  91  85  81  79  79  81  85  91 100 
100  92  87  83  81  81  83  87  92 100 
100  94  90  87  85  85  87  90  94 100 
100  96  94  92  91  91  92  94  96 100 
100 100 100 100 100 100 100 100 100 100 
Avg = 92
Time: 0.481 ms
